{
   "unpruned": 321.34692907333374,
   "greedy_layer": 152.62230396270752,
   "ticket_greedy_layer": 303.811514377594,
   "gmp": 153.30815958976746,
   "ticket_gmp": 303.78449535369873,
   "random": 154.17762446403503,
   "ticket_random": 304.3300030231476,
   "greedy_layer_it": 305.31624484062195,
   "ticket_greedy_layer_it": 304.9812705516815,
   "gmp_it": 306.0741045475006,
   "ticket_gmp_it": 300.7097804546356,
   "random_it": 292.3359727859497,
   "ticket_random_it": 292.11386823654175,
   "LASSO": 292.7728192806244,
   "ticket_LASSO": 291.12895822525024
}