{
   "unpruned": 277.1321105957031,
   "greedy_layer": 144.60905241966248,
   "ticket_greedy_layer": 288.5868089199066,
   "gmp": 145.092622756958,
   "ticket_gmp": 288.9329342842102,
   "random": 142.71563243865967,
   "ticket_random": 285.30227041244507,
   "greedy_layer_it": 285.03522634506226,
   "ticket_greedy_layer_it": 285.23156118392944,
   "gmp_it": 293.6224422454834,
   "ticket_gmp_it": 306.0990312099457,
   "random_it": 306.2346510887146,
   "ticket_random_it": 305.4004719257355,
   "LASSO": 306.62817096710205,
   "ticket_LASSO": 304.48055028915405
}