{
   "unpruned": 309.48282766342163,
   "greedy_layer": 147.59444665908813,
   "ticket_greedy_layer": 295.9356231689453,
   "gmp": 141.36255502700806,
   "ticket_gmp": 281.837726354599,
   "random": 141.2387957572937,
   "ticket_random": 281.3959107398987,
   "greedy_layer_it": 282.03939962387085,
   "ticket_greedy_layer_it": 281.4411189556122,
   "gmp_it": 281.9556224346161,
   "ticket_gmp_it": 282.3186559677124,
   "random_it": 283.11782002449036,
   "ticket_random_it": 282.82944798469543,
   "LASSO": 283.7739896774292,
   "ticket_LASSO": 291.4666576385498
}