{
   "unpruned": 271.27987599372864,
   "greedy_layer": 136.84900736808777,
   "ticket_greedy_layer": 273.3582320213318,
   "gmp": 137.4743571281433,
   "ticket_gmp": 274.4939937591553,
   "random": 137.79397130012512,
   "ticket_random": 282.06055307388306,
   "greedy_layer_it": 302.8947262763977,
   "ticket_greedy_layer_it": 302.3556077480316,
   "gmp_it": 303.7484142780304,
   "ticket_gmp_it": 303.6696717739105,
   "random_it": 302.75075030326843,
   "ticket_random_it": 303.8186626434326,
   "LASSO": 303.89116048812866,
   "ticket_LASSO": 302.0092656612396
}