{
   "unpruned": 284.21712493896484,
   "greedy_layer": 145.51336359977722,
   "ticket_greedy_layer": 288.24462604522705,
   "gmp": 145.4855513572693,
   "ticket_gmp": 289.2709119319916,
   "random": 145.53946352005005,
   "ticket_random": 287.16003584861755,
   "greedy_layer_it": 290.19220757484436,
   "ticket_greedy_layer_it": 290.05205941200256,
   "gmp_it": 290.5632793903351,
   "ticket_gmp_it": 290.171635389328,
   "random_it": 290.63060426712036,
   "ticket_random_it": 290.69971919059753,
   "LASSO": 291.037885427475,
   "ticket_LASSO": 297.9156937599182
}