{
   "unpruned": 285.29113698005676,
   "greedy_layer": 147.40893054008484,
   "ticket_greedy_layer": 289.9702043533325,
   "gmp": 146.4863669872284,
   "ticket_gmp": 274.14509773254395,
   "random": 137.3374216556549,
   "ticket_random": 274.34890151023865,
   "greedy_layer_it": 275.48708176612854,
   "ticket_greedy_layer_it": 274.94892859458923,
   "gmp_it": 275.01163148880005,
   "ticket_gmp_it": 274.7969241142273,
   "random_it": 274.9020173549652,
   "ticket_random_it": 297.6329023838043,
   "LASSO": 305.55698800086975,
   "ticket_LASSO": 303.47300148010254
}