{
   "unpruned": 271.3548641204834,
   "greedy_layer": 136.82463359832764,
   "ticket_greedy_layer": 272.92965149879456,
   "gmp": 136.9089014530182,
   "ticket_gmp": 273.11953496932983,
   "random": 136.75737047195435,
   "ticket_random": 273.34945154190063,
   "greedy_layer_it": 273.8024814128876,
   "ticket_greedy_layer_it": 273.3321285247803,
   "gmp_it": 274.0885241031647,
   "ticket_gmp_it": 273.61540842056274,
   "random_it": 273.9302842617035,
   "ticket_random_it": 273.9363796710968,
   "LASSO": 274.2064137458801,
   "ticket_LASSO": 272.77485036849976
}