{
   "unpruned": 271.8256435394287,
   "greedy_layer": 137.0315647125244,
   "ticket_greedy_layer": 272.9264307022095,
   "gmp": 136.9232358932495,
   "ticket_gmp": 273.3222484588623,
   "random": 137.10771894454956,
   "ticket_random": 273.65930223464966,
   "greedy_layer_it": 274.0388798713684,
   "ticket_greedy_layer_it": 273.62471532821655,
   "gmp_it": 274.1241796016693,
   "ticket_gmp_it": 273.79360008239746,
   "random_it": 274.4743890762329,
   "ticket_random_it": 273.89371252059937,
   "LASSO": 274.5372664928436,
   "ticket_LASSO": 273.33299136161804
}