{
   "unpruned": 299.40376472473145,
   "greedy_layer": 151.74646949768066,
   "ticket_greedy_layer": 303.3305745124817,
   "gmp": 152.6770248413086,
   "ticket_gmp": 289.74382400512695,
   "random": 141.23645544052124,
   "ticket_random": 274.881014585495,
   "greedy_layer_it": 275.88470697402954,
   "ticket_greedy_layer_it": 275.370242357254,
   "gmp_it": 275.82651472091675,
   "ticket_gmp_it": 276.02579641342163,
   "random_it": 277.18847250938416,
   "ticket_random_it": 279.65892696380615,
   "LASSO": 280.86988711357117,
   "ticket_LASSO": 279.7596881389618
}