{
   "unpruned": 272.4678761959076,
   "greedy_layer": 137.20957231521606,
   "ticket_greedy_layer": 273.8679656982422,
   "gmp": 137.42213249206543,
   "ticket_gmp": 274.04587411880493,
   "random": 137.30411982536316,
   "ticket_random": 276.0204699039459,
   "greedy_layer_it": 278.7563545703888,
   "ticket_greedy_layer_it": 295.43630290031433,
   "gmp_it": 295.9075379371643,
   "ticket_gmp_it": 295.4207441806793,
   "random_it": 296.1122872829437,
   "ticket_random_it": 295.1377441883087,
   "LASSO": 296.88361167907715,
   "ticket_LASSO": 285.97550797462463
}